0.03125 3.0517578125E-05 0.462686567164179
0.03125 0.0001220703125 0.462686567164179
0.03125 0.00048828125 0.462686567164179
0.03125 0.001953125 0.462686567164179
0.03125 0.0078125 0.462686567164179
0.03125 0.03125 0.462686567164179
0.03125 0.125 0.462686567164179
0.03125 0.5 0.462686567164179
0.03125 2 0.462686567164179
0.03125 8 0.462686567164179
0.125 3.0517578125E-05 0.462686567164179
0.125 0.0001220703125 0.462686567164179
0.125 0.00048828125 0.462686567164179
0.125 0.001953125 0.462686567164179
0.125 0.0078125 0.462686567164179
0.125 0.03125 0.462686567164179
0.125 0.125 0.462686567164179
0.125 0.5 0.462686567164179
0.125 2 0.462686567164179
0.125 8 0.462686567164179
0.5 3.0517578125E-05 0.462686567164179
0.5 0.0001220703125 0.462686567164179
0.5 0.00048828125 0.462686567164179
0.5 0.001953125 0.462686567164179
0.5 0.0078125 0.462686567164179
0.5 0.03125 0.462686567164179
0.5 0.125 0.462686567164179
0.5 0.5 0.462686567164179
0.5 2 0.462686567164179
0.5 8 0.462686567164179
2 3.0517578125E-05 0.462686567164179
2 0.0001220703125 0.462686567164179
2 0.00048828125 0.462686567164179
2 0.001953125 0.462686567164179
2 0.0078125 0.462686567164179
2 0.03125 0.462686567164179
2 0.125 0.462686567164179
2 0.5 0.462686567164179
2 2 0.462686567164179
2 8 0.462686567164179
8 3.0517578125E-05 0.462686567164179
8 0.0001220703125 0.462686567164179
8 0.00048828125 0.462686567164179
8 0.001953125 0.462686567164179
8 0.0078125 0.462686567164179
8 0.03125 0.462686567164179
8 0.125 0.462686567164179
8 0.5 0.462686567164179
8 2 0.462686567164179
8 8 0.462686567164179
32 3.0517578125E-05 0.462686567164179
32 0.0001220703125 0.462686567164179
32 0.00048828125 0.462686567164179
32 0.001953125 0.462686567164179
32 0.0078125 0.462686567164179
32 0.03125 0.462686567164179
32 0.125 0.462686567164179
32 0.5 0.462686567164179
32 2 0.462686567164179
32 8 0.462686567164179
128 3.0517578125E-05 0.462686567164179
128 0.0001220703125 0.462686567164179
128 0.00048828125 0.462686567164179
128 0.001953125 0.462686567164179
128 0.0078125 0.462686567164179
128 0.03125 0.462686567164179
128 0.125 0.462686567164179
128 0.5 0.462686567164179
128 2 0.462686567164179
128 8 0.462686567164179
512 3.0517578125E-05 0.462686567164179
512 0.0001220703125 0.462686567164179
512 0.00048828125 0.462686567164179
512 0.001953125 0.462686567164179
512 0.0078125 0.462686567164179
512 0.03125 0.462686567164179
512 0.125 0.462686567164179
512 0.5 0.462686567164179
512 2 0.462686567164179
512 8 0.462686567164179
2048 3.0517578125E-05 0.462686567164179
2048 0.0001220703125 0.462686567164179
2048 0.00048828125 0.462686567164179
2048 0.001953125 0.462686567164179
2048 0.0078125 0.462686567164179
2048 0.03125 0.462686567164179
2048 0.125 0.462686567164179
2048 0.5 0.462686567164179
2048 2 0.462686567164179
2048 8 0.462686567164179
8192 3.0517578125E-05 0.462686567164179
8192 0.0001220703125 0.462686567164179
8192 0.00048828125 0.462686567164179
8192 0.001953125 0.462686567164179
8192 0.0078125 0.462686567164179
8192 0.03125 0.462686567164179
8192 0.125 0.462686567164179
8192 0.5 0.462686567164179
8192 2 0.462686567164179
8192 8 0.462686567164179
32768 3.0517578125E-05 0.462686567164179
32768 0.0001220703125 0.462686567164179
32768 0.00048828125 0.462686567164179
32768 0.001953125 0.462686567164179
32768 0.0078125 0.462686567164179
32768 0.03125 0.462686567164179
32768 0.125 0.462686567164179
32768 0.5 0.462686567164179
32768 2 0.462686567164179
32768 8 0.462686567164179
